 1 
57.2000   357.7000    131.0   80.0
    22.03728
     0.00000
    -0.62766
     5.18376
     1.34077
    -4.21836
    -3.70299
     2.59844
    -5.46308
    -3.93920
 2 
50.4000   355.9000    94.0   41.0
    30.94562
     0.00000
    -0.82481
     2.74382
     5.39907
     0.50410
     3.46876
    -1.99744
    -4.86941
    -3.40164
 3 
43.3000   359.6000   247.0  197.0
    -2.35076
     0.00000
     8.79649
     0.13005
    19.38308
     3.24317
    -5.07571
     1.12955
     0.90257
   -20.51263
 4 
37.3000   354.0000   56.0    7.0
    10.14043
     0.00000
   -17.63323
     8.65966
     5.78497
    -0.50231
   -18.78205
    -0.74122
    10.72980
    -5.04375
 5 
43.4546    11.8973   310.0  264.0
    57.61288
     0.00000
     8.61821
     3.34113
    -4.46434
    -3.26577
     2.11958
    -3.26037
    -3.28922
     7.72471
 6 
52.2000     4.5000   43.0    0.0
    14.76801
     0.00000
     2.10319
    -0.01788
    -3.05638
    -0.76520
    -0.62356
    -1.15608
    -2.72997
     4.21246
 7 
57.0000     9.9000   42.0    2.0
    -0.31741
     0.00000
     1.44602
     1.21722
     3.63789
     3.68010
     4.01030
     6.75985
    -4.22805
   -10.39774
 8 
49.9000    11.6000   460.0  413.0
    30.42611
     0.00000
    -1.15817
    -2.11050
     4.45669
     4.41734
    -0.84214
     1.10561
    -7.53609
    -5.56230
 9 
37.974222   23.78800  232.0  193.0
   105.58823
     0.00000
    -5.35955
    -4.91270
   -13.55237
   -10.72987
    -2.11857
   -11.07468
     1.00820
    24.62705
10 
47.8000    21.7000   155.0  115.0
    18.15331
     0.00000
     3.42464
     2.88622
    -0.75919
    -2.05346
     4.67287
     4.23600
     0.20515
    -3.47682
11 
55.2000    30.2000   157.0  138.0
     5.51662
     0.00000
     1.05213
     2.03642
     1.78621
    -1.69428
    -0.51134
    -0.68890
    -3.21938
    -1.09731
12 
45.0000    39.0000    30.0   17.0
   -48.67643
     0.00000
     4.35696
     1.05914
    13.53315
     4.78894
    -7.26430
     4.35227
     0.67400
   -17.88542